x=[1;2;3]
y= [1 2;1 2]
[x [y;[0 0]]]